382
38889.5 -77035.2
37531.4 -85736.09999999999
44409.286 -68247.501
42256.4 -71011.4
40714.399999999994 -74004.40000000001
42416.4 -103728.0
35575.0 -101684.0
40454.2 -78540.3
29436.699999999997 -101050.0
32206.4 -84123.3
36158.299999999996 -82835.0
39470.0 -77740.0
46813.007399999995 -90820.55009
39325.450699999994 -77740.591
37378.6 -78796.40000000001
38683.3 -109567.0
34018.9 -91348.9
38881.2 -77072.59999999999
38249.304000000004 -75155.6726
36835.799999999996 -107998.0
43750.0 -102500.0
35778.9 -106321.0
38892.299999999996 -77003.7
38042.8 -103429.0
29250.0 -103250.0
25858.899999999998 -81033.90000000001
45637.5 -113644.0
36486.5 -84698.5
30546.7 -94340.3
45194.4 -108131.0
25464.4441 -80334.82229000001
38541.208 -107693.862
41840.7 -71418.2
36518.6 -80935.8
37541.7 -80999.2
37123.3 -79765.8
42360.0 -71064.7
42358.464 -71057.456
42374.308399999994 -71053.1196
34506.100000000006 -88728.9
39038.1 -95676.4
37628.3 -112168.0
36178.1 -92426.1
32673.1 -117239.0
28767.5 -80776.9
31665.600000000002 -93002.79999999999
36155.8471 -109563.3884
38166.9 -109760.0
41905.595 -69978.6639
35303.600000000006 -75511.4
34688.1783 -76526.50559999999
38200.0 -111167.0
36782.200000000004 -103970.0
35267.8 -82451.7
32175.3 -104444.0
38910.0 -77024.2
32997.0 -111532.0
29897.8 -81311.40000000001
40703.6 -74016.90000000001
35333.3 -115102.0
39648.299999999996 -77466.7
37642.5 -112849.0
39167.5 -78300.79999999999
35227.3 -118561.0
36060.0 -107970.0
31767.800000000003 -106454.0
34248.4866 -119266.5518
32846.1 -79824.70000000001
39689.700000000004 -83891.09999999999
33987.200000000004 -84324.70000000001
38899.700000000004 -77057.8
34940.0 -85260.0
34500.6 -96972.2
32005.699999999997 -109357.0
42076.0 -113702.0
38966.9 -77140.8
37218.9 -76517.5
39042.5 -108686.0
33783.299999999996 -80783.3
38890.799999999996 -77044.4
31348.3 -110272.0
35136.7 -81818.1
42911.8 -122148.0
43461.7 -113563.0
43461.964 -113561.682
36604.2 -83687.2
30720.651400000002 -81550.2114
38454.700000000004 -107327.0
41241.700000000004 -81549.7
39794.7 -84088.9
27523.9 -82644.40000000001
36241.9 -116826.0
41153.799999999996 -74913.9
37624.4 -119084.0
44590.5 -104716.0
40533.299999999996 -108983.0
24562.5158 -81798.8752
48218.3 -122684.0
39961.7 -75150.3
43088.6 -91185.59999999999
39793.3 -77263.3
34877.200000000004 -108051.0
35038.3 -108353.0
41763.1 -73898.9
37824.399999999994 -122030.0
25140.931800000002 -80924.17238999999
40707.2 -74010.3
40755.251899999996 -73016.8644
40796.700000000004 -81375.3
39664.700000000004 -75565.29999999999
40056.1 -78907.2
38913.7 -105286.0
38896.700000000004 -77025.8
32146.1 -109436.0
30386.9 -81500.6
30595.8 -103926.0
36482.5 -87862.79999999999
31223.9 -81393.3
42209.200000000004 -104536.0
38156.7 -99226.7
29715.3 -81239.2
39263.1 -76580.0
37003.6 -76307.5
39816.7 -79599.7
37810.6 -122477.0
32027.2 -80890.3
35938.6 -75710.0
37843.9 -94704.7
35343.3 -94422.79999999999
43210.6 -75455.29999999999
32752.2 -79874.7
35907.3 -105012.0
47999.4 -104041.0
45625.4 -122658.0
38710.799999999996 -77033.1
41864.4 -110776.0
38883.899999999994 -77044.4
38863.3 -76985.29999999999
42325.0 -71132.2
38293.100000000006 -77469.2
39777.799999999996 -79929.2
40454.0 -73997.0
38220.0 -80890.0
40813.4 -73963.0
38679.200000000004 -87535.6
38186.100000000006 -76930.59999999999
36986.4 -94354.20000000001
38711.3 -77086.20000000001
39808.6 -77236.7
33227.200000000004 -108272.0
48696.7 -113718.0
36993.6 -111487.0
37783.299999999996 -122467.0
41620.5 -112547.0
40701.0453 -74011.6878
36055.3 -112122.0
47985.3 -89749.2
43655.435 -110717.20000000001
46408.299999999996 -112739.0
39005.8 -114220.0
39304.200000000004 -74649.7
37732.9 -105512.0
37744.1435 -105506.865
35683.3 -83533.3
38989.2 -76898.3
31916.699999999997 -104867.0
36131.4 -79846.40000000001
30364.4 -86967.5
42790.3 -114945.0
40821.399999999994 -73947.2
39416.1 -76587.5
39322.8 -77729.7
38566.4 -76076.9
38902.1 -94532.2
41668.6 -91348.1
33183.4 -111934.0
41767.200000000004 -73935.59999999999
40285.3 -96821.9
39375.799999999996 -83006.4
40198.6 -75775.59999999999
32970.799999999996 -85738.29999999999
34513.6 -93053.6
37383.899999999994 -109077.0
35725.6 -109593.0
39947.8 -75148.1
41648.1 -87108.09999999999
47122.7503 -88564.1117
41662.2 -81347.2
29942.5 -89994.20000000001
38624.6 -90185.0
43729.4 -103829.0
32030.4 -84418.2
44104.700000000004 -110693.0
44555.799999999996 -119645.0
42345.799999999996 -71124.4
37991.3 -122133.0
40345.6 -78778.59999999999
33788.4 -115898.0
33983.1 -84578.1
47156.4 -88563.59999999999
36789.299999999996 -118673.0
35137.799999999996 -81389.4
47599.3706 -122331.9748
47354.2 -101386.0
38887.799999999996 -77047.2
47838.0041 -120023.70000000001
36009.700000000004 -114797.0
35714.7 -101553.0
48107.4 -118213.0
40487.7 -121505.0
41713.9 -121508.0
46133.6 -123878.0
38118.299999999996 -86996.9
39797.2 -89645.0
38889.299999999996 -77050.1
45570.3 -107427.0
34440.600000000006 -85595.6
34736.7 -92298.59999999999
42376.7 -71126.40000000001
42646.700000000004 -71310.3
30240.8 -98624.2
38878.6 -77051.4
37547.8 -77438.1
37183.3 -86100.0
38812.8 -77521.7
35843.9 -106289.0
36728.299999999996 -118154.0
43631.2 -72529.4
33755.0 -84372.20000000001
38886.1 -77044.2
42369.700000000004 -73704.2
38907.8 -77030.3
37183.799999999996 -108489.0
41153.799999999996 -74913.9
42679.0 -114244.0
42453.1 -71298.59999999999
43931.1 -102161.0
44873.3 -93018.8
42862.5 -97392.79999999999
34883.299999999996 -115717.0
39371.200000000004 -77392.1
34613.100000000006 -111840.0
34458.1 -78109.4
40766.9 -74528.59999999999
46755.843499999995 -122120.7775
43878.9 -103460.0
37891.9 -122571.0
31543.3 -91383.1
34667.700000000004 -88088.3
31545.5 -91369.5
38889.7 -77036.7
38890.0 -77023.6
37601.4 -110014.0
36678.3 -110541.0
41635.6 -70923.3
29963.100000000002 -90068.1
37960.799999999996 -81081.7
46141.9 -116359.0
39390.799999999996 -99617.5
34146.9 -82024.4
42883.299999999996 -100317.0
48699.8733 -121019.83660000001
35918.700000000004 -85113.0
32836.7 -83608.3
47969.299999999996 -123499.0
42095.6 -123406.0
31954.0 -112801.0
37190.7 -91276.3
27424.1558 -97299.18359
26021.4 -97480.59999999999
40916.200000000004 -74181.6
36468.08089999999 -93957.1419
35550.0 -105689.0
38893.6 -77023.9
41586.774 -82837.03
37219.4 -77361.40000000001
35088.1 -109806.0
35135.8 -106762.0
46562.2 -86312.5
36486.9 -121167.0
36861.9 -112737.0
44013.3 -96325.0
38678.600000000006 -77092.8
38043.975600000005 -122798.39749999999
38057.5 -122030.0
38904.0 -77058.59999999999
32636.699999999997 -91411.4
33667.200000000004 -93596.5
38585.299999999996 -77379.7
41697.200000000004 -87609.4
36995.5412 -111486.5069
41300.0 -124000.0
37429.200000000004 -77373.59999999999
29183.3 -102962.0
41913.600000000006 -83378.3
38957.5 -77045.0
40366.1923 -105560.55990000001
41830.399999999994 -71410.9
37909.5 -122357.0
48673.1 -121245.0
34974.200000000004 -85803.29999999999
40885.6 -73497.5
32180.8847 -110738.0027
45128.3 -67133.3
45389.200000000004 -92657.5
40892.8 -73825.8
43500.799999999996 -72368.09999999999
42520.6 -70887.20000000001
34259.700000000004 -106090.0
29361.7 -98480.3
37806.399999999994 -122424.0
48512.60449 -122612.6718
38540.799999999996 -102529.0
34103.9 -118603.0
42998.9 -73637.5
42467.799999999996 -71008.9
41835.6 -103701.0
36564.700000000004 -118773.0
38533.299999999996 -78350.0
35152.5 -88323.09999999999
44913.1 -86020.3
42108.1 -72581.7
40694.1 -74043.0
41407.3 -75671.3
35880.8 -86435.0
40733.8 -74002.2
35365.6 -111501.0
38432.8 -96558.9
39943.3 -75147.5
40738.9 -73989.7
42901.5 -78872.4
38897.2 -77064.2
46966.700000000004 -103450.0
40786.9 -74237.79999999999
38881.4 -77036.90000000001
38531.2 -77039.3
40440.600000000006 -111709.0
30454.5 -81449.9
33656.9 -111094.0
36320.799999999996 -115266.0
31568.100000000002 -111051.0
34255.299999999996 -88737.2
32459.200000000004 -85680.0
32430.2 -85707.7
34770.899999999994 -112026.0
38551.1 -90351.9
41640.1 -75058.59999999999
35900.0 -106533.0
40096.9 -75438.90000000001
41796.100000000006 -73941.90000000001
32344.2 -90851.7
38891.1 -77047.79999999999
48444.308999999994 -93029.9969
31606.0 -97175.0
35171.700000000004 -111510.0
35617.5 -99700.3
41258.1 -73454.7
40625.3 -122559.0
38897.7 -77036.6
32779.7 -106172.0
46040.0 -118461.0
39119.700000000004 -84508.6
37115.6 -93420.0
43556.399999999994 -103479.0
38936.9 -77261.9
42910.8 -76801.4
38907.200000000004 -77036.90000000001
38889.4 -77040.5
41951.0383 -121476.69949999999
36021.0 -75673.2
35565.600000000006 -111387.0
44456.9914 -110835.1483
37745.2 -119598.0
37250.3 -108686.0
37202.6 -112988.0
45970.4 -68619.29999999999
42911.700000000004 -76565.0
33515.2 -86814.7
33658.1 -85831.2
32389.600000000002 -80575.7
37796.799999999996 -84600.8
41968.8 -121568.0
